0 0.375 0.7584134615384616 0.09975961538461539 0.24639423076923078
0 0.5060096153846154 0.7728365384615384 0.10336538461538461 0.20793269230769232
0 0.6033653846153846 0.7752403846153846 0.027644230769230768 0.15745192307692307
0 0.6838942307692307 0.7836538461538461 0.09495192307692307 0.16346153846153846
0 0.2620192307692308 0.8137019230769231 0.038461538461538464 0.0625
0 0.15384615384615385 0.8149038461538461 0.1310096153846154 0.07932692307692307
0 0.15144230769230768 0.14302884615384615 0.27524038461538464 0.2644230769230769
0 0.546875 0.17427884615384615 0.21754807692307693 0.3269230769230769
0 0.33413461538461536 0.3942307692307692 0.22235576923076922 0.40024038461538464
0 0.1466346153846154 0.4723557692307692 0.12139423076923077 0.2920673076923077
0 0.8449519230769231 0.49158653846153844 0.15625 0.7247596153846154