0 0.17307692307692307 0.3557692307692308 0.07211538461538461 0.20673076923076922
1 0.3112980769230769 0.49278846153846156 0.06610576923076923 0.10336538461538461
1 0.5829326923076923 0.5048076923076923 0.24639423076923078 0.22235576923076922
0 0.2403846153846154 0.5204326923076923 0.07451923076923077 0.15985576923076922
0 0.39663461538461536 0.5408653846153846 0.11298076923076923 0.09975961538461539
0 0.3088942307692308 0.5685096153846154 0.0625 0.056490384615384616
0 0.7139423076923077 0.6129807692307693 0.05889423076923077 0.14423076923076922
0 0.5516826923076923 0.6875 0.25961538461538464 0.14423076923076922
1 0.9471153846153846 0.1658653846153846 0.09975961538461539 0.3245192307692308
1 0.8329326923076923 0.28846153846153844 0.1346153846153846 0.078125
0 0.703125 0.29086538461538464 0.1502403846153846 0.07451923076923077
1 0.5072115384615384 0.2403846153846154 0.5829326923076923 0.4795673076923077