0 0.3545673076923077 0.2536057692307692 0.021634615384615384 0.04326923076923077
0 0.4423076923076923 0.2548076923076923 0.021634615384615384 0.07211538461538461
0 0.49399038461538464 0.2644230769230769 0.025240384615384616 0.05889423076923077
0 0.6935096153846154 0.2692307692307692 0.019230769230769232 0.05048076923076923
0 0.5612980769230769 0.27524038461538464 0.015625 0.04326923076923077
0 0.625 0.28125 0.019230769230769232 0.05048076923076923
0 0.375 0.2956730769230769 0.025240384615384616 0.078125
0 0.30528846153846156 0.30288461538461536 0.021634615384615384 0.04326923076923077
0 0.5865384615384616 0.3088942307692308 0.021634615384615384 0.037259615384615384
0 0.5204326923076923 0.31971153846153844 0.015625 0.046875
0 0.7115384615384616 0.3317307692307692 0.021634615384615384 0.056490384615384616
0 0.33413461538461536 0.33653846153846156 0.019230769230769232 0.05889423076923077
0 0.6442307692307693 0.3581730769230769 0.03125 0.11538461538461539
0 0.40024038461538464 0.3629807692307692 0.025240384615384616 0.08173076923076923
0 0.4723557692307692 0.36538461538461536 0.03125 0.11899038461538461
0 0.5516826923076923 0.3798076923076923 0.021634615384615384 0.06610576923076923
0 0.3581730769230769 0.39663461538461536 0.015625 0.0625
0 0.6875 0.41225961538461536 0.019230769230769232 0.056490384615384616
0 0.5889423076923077 0.4254807692307692 0.021634615384615384 0.08774038461538461
0 0.4423076923076923 0.4519230769230769 0.027644230769230768 0.07211538461538461