0 0.6141826923076923 0.44711538461538464 0.2283653846153846 0.11298076923076923
0 0.12139423076923077 0.5276442307692307 0.125 0.11298076923076923
0 0.875 0.53125 0.2439903846153846 0.2247596153846154
0 0.375 0.5552884615384616 0.25 0.15985576923076922
0 0.13701923076923078 0.7716346153846154 0.20673076923076922 0.17548076923076922
0 0.6237980769230769 0.7800480769230769 0.2403846153846154 0.328125
0 0.9074519230769231 0.8173076923076923 0.1778846153846154 0.19110576923076922
1 0.4014423076923077 0.8401442307692307 0.10336538461538461 0.1814903846153846
0 0.35336538461538464 0.9435096153846154 0.09975961538461539 0.0625
0 0.3858173076923077 0.1201923076923077 0.09735576923076923 0.2091346153846154
0 0.6237980769230769 0.17668269230769232 0.2403846153846154 0.19110576923076922
0 0.8894230769230769 0.18269230769230768 0.21514423076923078 0.33413461538461536
0 0.12620192307692307 0.19230769230769232 0.2403846153846154 0.328125