0 0.6213942307692307 0.22596153846153846 0.025240384615384616 0.046875
0 0.453125 0.2692307692307692 0.019230769230769232 0.06850961538461539
0 0.5060096153846154 0.2860576923076923 0.019230769230769232 0.046875
0 0.3786057692307692 0.28846153846153844 0.037259615384615384 0.09735576923076923
0 0.6358173076923077 0.3016826923076923 0.021634615384615384 0.040865384615384616
0 0.3161057692307692 0.3137019230769231 0.019230769230769232 0.046875
0 0.5973557692307693 0.31850961538461536 0.019230769230769232 0.037259615384615384
0 0.53125 0.33413461538461536 0.019230769230769232 0.05048076923076923
0 0.7175480769230769 0.3473557692307692 0.027644230769230768 0.0625
0 0.3449519230769231 0.3485576923076923 0.021634615384615384 0.046875
0 0.6490384615384616 0.3701923076923077 0.021634615384615384 0.09735576923076923
0 0.484375 0.3737980769230769 0.03125 0.1346153846153846
0 0.41225961538461536 0.3737980769230769 0.019230769230769232 0.09014423076923077
0 0.5625 0.3894230769230769 0.03125 0.078125
0 0.3713942307692308 0.41225961538461536 0.019230769230769232 0.0625
0 0.6935096153846154 0.43028846153846156 0.019230769230769232 0.046875
0 0.6033653846153846 0.4387019230769231 0.03125 0.078125
0 0.453125 0.4579326923076923 0.03125 0.08413461538461539