1 0.390625 0.18389423076923078 0.20673076923076922 0.08774038461538461
1 0.3425480769230769 0.296875 0.10336538461538461 0.13701923076923078
1 0.546875 0.3076923076923077 0.125 0.109375
0 0.4375 0.31850961538461536 0.08774038461538461 0.09375
1 0.18389423076923078 0.4098557692307692 0.08173076923076923 0.15625
0 0.46274038461538464 0.4543269230769231 0.4807692307692308 0.1778846153846154
1 0.23076923076923078 0.5564903846153846 0.125 0.13701923076923078
0 0.5612980769230769 0.5721153846153846 0.2848557692307692 0.0625
1 0.3858173076923077 0.5841346153846154 0.06610576923076923 0.08173076923076923
1 0.5769230769230769 0.6490384615384616 0.3088942307692308 0.078125
1 0.328125 0.6754807692307693 0.1814903846153846 0.08774038461538461