0 0.3485576923076923 0.34975961538461536 0.109375 0.1875
0 0.7956730769230769 0.36538461538461536 0.12860576923076922 0.5745192307692307
0 0.7127403846153846 0.4387019230769231 0.037259615384615384 0.171875
0 0.5480769230769231 0.5276442307692307 0.03485576923076923 0.05048076923076923
0 0.5120192307692307 0.5516826923076923 0.025240384615384616 0.09735576923076923
0 0.4423076923076923 0.5721153846153846 0.06610576923076923 0.08774038461538461
0 0.671875 0.6033653846153846 0.125 0.15625
1 0.15745192307692307 0.625 0.040865384615384616 0.125
1 0.21754807692307693 0.6706730769230769 0.07211538461538461 0.15264423076923078
1 0.875 0.6995192307692307 0.2439903846153846 0.09375
1 0.796875 0.8293269230769231 0.40024038461538464 0.1658653846153846
0 0.5096153846153846 0.140625 0.09975961538461539 0.2439903846153846
1 0.7295673076923077 0.2439903846153846 0.078125 0.21875
0 0.6754807692307693 0.265625 0.05048076923076923 0.1875